0 5 51 12 43 35 12 27 97 52 49 30 57 7 1 80 31 11 85 78 96 48 57 15 36 7 13 23 65 68 38 31 25 89 95 68 77 7 95 74 12 44 56 21 4 10 53 35 21 39 65 17 87 23 85 75 82 98 99 47 66 37 30 91 79 26 59 56 85 6 82 97 3 90 19 7 0 24 94 73 63 60 91 51 35 28 78 69 26 77 68 45 67 99 88 98 25 0 6 10
6 0 40 60 9 30 31 68 83 55 63 56 19 23 99 22 10 27 0 79 6 30 47 51 97 46 39 95 23 39 1 34 98 41 94 59 23 25 28 6 32 43 15 51 18 66 25 28 94 78 7 52 8 6 3 5 5 94 52 28 86 5 14 36 46 60 95 21 85 75 28 70 18 95 21 36 61 99 64 7 77 23 59 37 82 14 42 87 61 46 67 99 51 82 35 49 42 82 70 80
58 50 0 50 76 45 23 65 59 22 29 66 51 5 78 88 87 44 82 26 57 28 93 56 31 27 43 80 22 26 51 2 84 53 4 12 99 79 77 10 54 59 28 57 64 6 46 3 3 80 29 12 61 22 69 92 2 64 25 24 90 28 78 26 81 34 91 80 13 68 90 19 79 19 77 43 77 75 46 32 55 27 45 16 2 66 9 4 82 34 28 73 62 6 51 43 40 42 76 5
63 18 25 0 42 89 2 38 19 29 36 51 84 64 48 1 66 66 62 70 49 96 98 74 10 56 25 5 96 20 33 53 35 52 78 29 93 32 67 12 61 4 16 46 68 16 99 86 83 61 56 84 9 6 58 19 62 35 76 10 7 10 63 42 14 94 72 7 26 39 72 40 95 40 38 15 56 37 1 91 50 9 75 59 15 85 30 29 21 6 91 28 16 55 23 82 49 95 90 27
86 14 19 34 0 54 57 49 10 46 3 54 96 12 81 55 80 67 85 61 40 44 53 68 12 60 43 95 9 38 37 88 77 51 8 11 5 17 12 67 64 15 73 60 80 55 16 12 74 53 73 14 49 78 34 62 38 78 9 99 68 46 40 45 49 48 8 6 65 21 25 29 88 99 90 68 6 58 80 80 63 6 46 13 84 32 27 75 10 88 74 31 34 14 76 35 14 37 41 32
58 18 61 98 69 0 3 67 75 13 99 7 77 57 5 42 94 38 21 69 0 9 95 31 95 62 60 30 76 97 23 60 7 93 22 5 63 77 24 90 43 76 98 72 33 55 66 27 93 87 48 46 96 44 77 43 58 89 25 86 86 48 47 45 93 21 3 56 98 27 47 93 3 97 65 37 4 31 16 50 18 17 96 66 61 73 9 71 63 34 57 1 34 4 99 80 25 2 36 76
29 35 21 85 84 87 0 22 89 70 90 39 89 7 87 7 20 60 69 91 75 55 1 29 42 57 28 22 83 30 10 11 11 46 32 96 82 71 70 23 42 61 62 83 20 49 42 41 62 11 84 89 67 85 18 61 43 46 83 78 28 93 41 40 91 25 36 74 97 7 49 91 20 12 74 40 13 16 33 27 80 70 17 99 7 87 60 2 86 43 32 14 88 73 6 32 51 95 58 0
54 7 91 74 71 17 66 0 85 33 52 64 65 74 33 64 81 73 24 84 59 19 16 25 8 42 32 40 45 79 50 45 33 57 36 59 29 53 25 66 38 29 30 56 3 16 20 37 89 45 21 0 16 89 25 76 83 9 68 28 88 18 25 21 76 61 80 5 66 58 71 57 39 53 13 95 69 33 32 10 30 5 10 99 94 36 75 30 97 44 10 86 62 36 59 38 49 92 95 16
2 18 25 41 72 38 88 93 0 23 20 4 6 25 66 5 72 2 80 2 52 76 64 90 39 0 1 77 50 93 25 18 47 43 43 41 15 33 29 61 8 50 65 66 75 31 71 99 86 4 1 90 80 18 80 71 18 81 1 20 27 26 38 74 69 33 15 85 66 45 98 27 47 63 93 74 46 17 74 84 73 27 26 5 45 6 77 64 40 78 84 67 4 75 41 25 8 9 62 27
54 60 54 53 75 47 27 22 64 0 53 58 37 81 85 43 26 43 72 42 83 50 79 50 6 6 44 31 14 53 94 41 59 54 95 12 30 95 91 4 59 45 14 49 26 51 44 4 95 16 99 30 18 30 33 76 36 77 7 50 30 53 44 89 60 39 53 42 34 44 98 46 89 64 95 67 16 91 24 63 7 23 45 77 53 78 53 89 55 12 91 85 18 35 26 78 27 79 72 13
24 70 59 65 86 6 85 2 49 9 0 17 56 32 15 85 37 93 38 78 49 3 69 86 21 57 65 99 84 44 23 97 20 93 9 38 79 67 23 34 17 32 3 25 16 70 11 5 64 1 83 65 4 4 3 25 61 68 76 97 65 99 47 37 44 56 75 76 75 98 62 92 82 17 70 50 88 33 7 52 34 90 69 91 47 72 68 60 93 45 58 58 96 57 47 41 13 23 69 40
73 31 85 8 0 55 58 88 88 18 92 0 74 8 61 65 7 86 34 68 31 31 78 41 27 35 88 20 0 11 89 40 37 72 77 45 73 32 55 13 20 73 6 95 34 19 12 41 57 46 61 88 77 91 81 57 26 70 77 78 81 19 71 70 43 48 15 68 81 23 82 53 96 40 0 82 11 13 24 21 11 37 9 41 29 91 98 7 13 27 38 46 46 9 17 90 9 84 10 90
7 92 96 4 84 48 86 96 13 62 17 25 0 52 78 18 33 21 16 40 86 43 30 33 42 39 50 84 49 34 94 91 42 39 39 98 23 88 36 71 1 51 40 78 3 71 96 36 44 64 28 31 8 59 64 2 50 66 86 99 52 32 43 94 23 82 44 99 22 81 70 76 32 63 54 87 34 3 23 30 67 51 61 75 62 25 29 13 43 67 64 96 0 7 42 23 42 87 22 16
20 45 92 4 60 47 43 94 50 66 76 17 69 0 38 45 32 15 26 45 59 94 9 55 94 69 49 69 11 88 92 79 60 89 72 64 49 71 59 95 21 25 71 90 47 61 87 79 77 14 76 88 8 37 95 54 6 44 23 69 33 67 49 93 56 21 10 5 92 69 52 65 47 24 7 94 85 95 25 14 61 1 2 21 90 97 75 97 42 98 18 27 18 19 20 74 92 82 32 36
52 84 1 51 60 61 45 46 8 22 12 69 75 15 0 90 65 12 17 14 6 67 33 85 85 4 58 60 97 40 44 33 44 80 87 95 41 48 92 39 56 14 51 77 89 66 19 7 31 88 21 89 55 6 75 41 11 33 53 8 25 49 93 70 29 80 17 70 80 10 9 88 76 61 17 66 79 36 73 62 24 46 52 32 53 27 73 16 12 78 76 37 27 69 7 56 2 25 79 34
87 88 23 63 1 40 29 81 29 54 43 5 53 47 37 0 58 26 62 74 38 40 50 76 19 71 35 28 25 12 7 60 99 47 83 15 49 75 96 82 4 51 77 10 56 25 47 14 51 62 88 42 54 90 70 74 61 57 2 87 70 61 99 21 8 82 36 9 57 33 91 14 36 69 24 92 46 23 58 49 85 46 43 40 36 13 66 49 71 20 88 93 81 87 66 41 21 55 51 31
88 42 97 76 63 21 20 61 96 78 11 34 24 6 26 12 0 20 92 13 43 12 54 88 45 93 54 38 67 9 89 98 49 84 95 25 99 68 45 61 16 75 24 50 51 30 76 15 2 20 29 45 84 35 33 81 28 88 20 95 49 9 45 99 45 92 76 45 12 22 58 29 49 82 31 1 64 8 16 67 80 97 12 65 32 98 46 61 86 66 56 87 28 54 86 73 46 63 70 59
37 28 40 86 62 71 87 27 31 56 94 12 53 6 77 86 56 0 75 47 42 42 55 82 22 61 68 47 8 83 70 19 20 98 59 59 61 82 98 88 14 54 34 78 8 92 7 46 49 82 45 43 76 52 25 50 14 94 98 22 77 68 93 50 18 4 9 31 86 59 71 52 14 5 82 74 98 89 72 47 24 17 42 0 69 68 51 83 14 1 57 43 21 2 93 39 6 54 71 45
14 42 49 80 48 84 6 98 73 78 97 97 95 39 50 16 59 53 0 52 73 54 61 69 27 64 14 66 22 21 89 19 87 32 21 67 32 5 25 82 78 3 79 28 50 70 30 18 30 35 70 55 41 84 76 68 48 91 34 22 12 24 42 99 8 15 18 40 20 43 22 50 98 53 30 48 75 60 66 57 47 89 13 88 73 89 56 73 32 91 95 44 67 89 43 75 4 13 67 24
56 89 27 54 94 57 2 69 70 21 27 17 62 92 6 35 33 62 60 0 66 5 55 10 72 97 6 47 1 19 14 78 28 55 5 82 1 14 37 71 84 10 50 2 72 42 8 59 75 22 19 93 28 26 56 0 23 62 0 77 33 66 7 61 74 64 96 75 78 33 98 63 43 48 65 67 90 25 78 18 47 97 11 75 75 67 28 51 81 28 80 67 94 87 80 20 51 76 96 81
9 94 44 4 95 61 23 37 86 1 55 86 50 19 61 26 38 89 77 72 0 69 57 39 16 96 71 36 47 48 32 80 9 79 25 66 74 86 89 11 25 91 19 11 41 90 24 19 28 66 96 52 35 5 43 51 1 15 88 0 63 72 81 72 3 58 90 29 44 80 41 21 23 12 84 64 2 9 36 82 75 32 35 62 90 78 14 91 93 54 44 56 78 25 81 82 35 71 11 31
3 4 53 26 16 37 43 70 98 79 53 25 63 88 88 53 18 2 97 12 8 0 41 20 86 18 53 20 53 77 32 84 80 88 89 59 57 79 2 27 77 33 32 3 96 20 43 50 91 97 99 3 5 40 75 43 10 29 64 15 6 48 99 38 36 41 97 93 20 99 73 49 32 5 4 81 78 47 83 69 44 82 72 49 74 99 93 84 28 9 99 86 57 50 25 45 91 22 91 63
74 64 13 58 21 17 91 99 65 74 68 9 56 92 11 30 92 56 66 72 65 65 0 59 74 16 36 19 59 10 62 23 36 78 36 95 0 5 38 99 70 13 20 32 21 64 43 4 56 99 70 81 16 36 40 90 4 28 61 63 38 76 86 75 54 74 22 54 80 60 6 2 25 26 86 47 42 29 51 51 80 73 32 48 9 24 90 65 52 4 29 42 80 67 17 34 94 91 41 26
52 47 80 29 25 67 76 67 48 79 70 29 53 2 77 14 78 20 80 30 24 61 73 0 4 80 42 38 74 34 31 52 38 78 33 19 55 52 96 75 0 27 45 29 32 0 59 47 78 79 79 61 3 40 34 59 20 28 97 47 14 81 51 4 59 36 24 67 88 72 94 89 99 91 70 32 91 29 31 70 60 10 31 15 50 17 74 22 97 24 21 12 5 25 68 16 61 92 35 50
64 29 91 16 21 61 0 64 43 83 86 3 93 69 71 95 86 45 69 36 21 43 0 26 0 68 68 43 81 61 78 31 77 60 22 45 81 84 97 45 79 80 32 82 25 1 5 20 40 3 42 28 24 85 28 51 5 96 46 86 9 76 70 39 36 92 84 69 28 82 67 7 14 51 42 40 4 99 12 44 2 6 24 27 91 52 78 48 1 76 35 10 52 57 49 89 49 86 58 30
20 25 89 34 76 83 26 81 83 91 77 85 97 2 64 41 6 94 89 7 70 76 70 23 33 0 71 12 35 57 22 17 77 0 6 64 76 42 90 9 25 81 87 62 31 41 79 72 99 73 13 7 44 90 29 67 75 0 31 10 58 53 27 87 53 86 51 82 28 94 91 5 27 30 19 58 23 98 30 23 72 44 82 68 86 11 87 61 11 18 24 21 23 51 9 29 37 12 63 17
6 6 22 34 89 94 44 64 92 27 39 16 23 21 36 9 84 23 22 48 93 46 69 69 98 30 0 50 87 43 13 57 1 71 31 35 60 25 32 25 70 59 64 38 82 38 75 91 74 50 65 22 44 12 44 65 62 74 15 1 69 28 58 71 51 90 58 12 67 90 89 89 49 5 28 83 43 55 74 18 5 92 92 1 4 36 66 66 63 81 67 84 61 78 55 13 20 66 77 39
56 66 29 58 71 57 41 67 64 68 85 69 60 29 71 64 66 37 82 81 71 1 65 84 79 73 97 0 51 39 74 91 95 92 20 5 64 29 47 83 93 15 20 62 27 49 85 91 67 75 25 48 46 26 66 30 58 39 80 9 30 6 0 77 99 20 83 15 49 30 98 42 97 18 57 24 67 42 67 35 69 92 35 15 70 1 98 28 92 30 38 22 36 38 0 35 59 35 2 60
65 0 55 14 18 12 90 38 54 9 25 24 53 60 91 23 62 41 52 6 71 42 29 60 80 81 47 91 0 16 50 4 33 50 59 99 21 71 89 11 77 98 36 53 3 96 97 26 10 90 30 17 14 72 98 74 5 31 73 48 99 23 4 32 26 63 83 99 86 24 10 16 74 46 69 77 94 18 3 5 9 86 74 75 58 24 49 15 55 22 16 54 98 20 38 24 36 21 75 22
45 85 38 71 83 60 48 77 78 51 34 39 89 60 14 48 84 15 15 91 90 83 97 88 4 35 64 40 8 0 39 14 5 76 53 76 11 13 24 40 43 28 27 83 17 87 97 17 24 13 85 15 3 68 13 43 24 0 59 64 9 50 79 66 26 84 43 89 49 19 29 92 99 56 75 69 44 25 86 68 90 23 35 45 92 0 40 16 1 99 33 62 49 64 80 75 48 75 64 49
95 45 41 46 2 69 15 98 94 54 18 36 77 53 81 21 6 21 90 7 20 23 21 21 39 1 48 39 77 64 0 88 24 9 29 22 11 50 38 61 44 44 79 32 73 85 65 95 91 86 85 50 58 60 71 79 51 24 27 90 53 91 78 29 53 59 52 16 10 42 78 6 86 57 39 59 94 4 6 85 43 43 35 53 55 58 85 6 35 64 96 88 8 26 18 61 86 70 77 48
12 55 54 50 65 45 9 59 2 68 97 45 11 84 50 67 43 35 73 78 0 22 18 8 48 36 69 86 58 98 34 0 22 54 41 72 71 86 34 82 88 2 79 85 65 64 36 32 59 71 58 37 23 80 55 31 80 44 52 67 2 51 53 25 57 94 49 28 81 83 10 21 37 42 7 3 6 95 87 65 18 45 54 42 77 61 73 10 57 78 29 60 29 82 37 86 77 86 66 58
70 76 31 7 18 90 62 76 85 50 93 4 47 47 98 77 61 23 87 18 1 16 78 30 50 67 68 27 54 34 37 76 0 63 69 35 33 59 98 10 97 0 3 1 47 3 51 76 64 74 63 82 76 31 13 58 82 80 27 61 86 13 99 62 76 68 50 10 79 48 72 76 48 75 29 47 78 80 24 94 55 39 29 83 23 42 41 57 74 20 18 13 86 17 75 62 37 25 24 69
25 48 45 25 24 27 73 54 59 49 1 66 88 30 49 11 24 43 68 98 15 39 11 1 56 39 64 46 16 40 15 94 89 0 12 19 65 39 44 71 99 45 24 65 86 54 67 97 30 10 18 29 25 9 92 27 65 83 43 63 52 35 78 46 76 91 17 93 82 14 17 81 11 41 99 97 48 66 95 78 28 65 59 53 74 52 32 91 87 27 7 91 63 85 37 91 28 7 85 11
73 2 44 84 95 43 82 43 61 29 22 89 46 81 95 72 85 79 15 73 7 22 64 22 8 54 13 88 13 98 51 38 52 96 0 22 48 91 56 43 5 85 65 94 83 47 41 55 84 21 71 9 80 93 74 2 53 80 15 94 45 66 45 83 70 41 57 70 85 14 14 90 51 79 36 87 78 30 42 63 3 65 72 83 11 98 85 64 30 52 58 75 70 56 10 41 49 68 63 34
34 77 76 37 9 65 24 39 95 19 54 98 36 27 33 47 77 18 64 60 70 22 87 93 78 98 86 28 18 49 14 4 27 43 93 0 88 8 18 27 55 89 82 5 25 61 38 25 90 8 89 50 30 63 38 23 94 88 9 74 6 59 88 62 38 83 55 26 91 25 5 98 14 87 55 92 0 93 17 91 1 6 41 32 69 31 7 63 19 17 89 77 28 78 39 66 61 95 44 5
20 49 55 87 89 11 31 41 4 48 32 58 6 26 42 27 9 49 43 29 18 32 58 46 62 98 64 76 45 60 33 17 10 88 56 51 0 99 87 92 56 87 77 66 45 55 8 73 64 9 68 45 28 52 4 26 15 2 91 43 99 3 76 16 65 64 73 16 16 12 61 72 0 38 38 45 45 98 70 9 7 38 55 87 91 11 14 58 65 57 1 64 60 29 32 26 93 5 94 61
18 55 33 70 45 23 15 90 21 86 52 81 76 59 68 19 70 82 77 35 91 30 99 4 59 31 30 5 89 24 66 59 32 52 29 29 75 0 96 72 49 82 24 82 59 35 50 78 5 85 8 40 76 90 91 32 50 74 62 55 63 39 21 74 23 25 3 52 1 0 76 2 34 52 84 45 87 86 76 44 71 36 84 0 26 27 32 76 2 47 83 17 86 57 44 61 82 99 13 35
51 42 89 86 94 73 83 82 60 59 26 83 95 63 83 22 42 68 50 96 15 34 66 1 43 10 62 25 9 27 13 61 69 2 99 16 76 82 0 50 88 42 76 71 89 91 7 63 34 75 66 82 90 52 48 43 95 58 57 72 68 36 85 81 58 88 80 74 16 62 24 4 56 52 27 98 96 86 61 82 61 27 64 3 79 13 46 26 71 55 99 91 92 84 24 50 24 4 76 40
19 0 96 27 4 76 25 0 62 39 82 24 18 47 27 50 60 26 76 83 81 75 27 25 12 51 75 36 8 51 29 79 3 25 6 8 1 84 60 0 64 75 43 40 93 42 19 95 54 45 72 37 79 99 16 4 63 20 32 0 80 35 29 59 39 6 17 99 60 53 59 24 28 54 16 22 96 35 17 50 33 41 40 12 93 56 68 56 76 52 8 56 88 89 67 79 96 85 30 56
38 89 32 19 96 48 41 92 83 10 95 68 4 35 32 97 43 1 53 20 53 62 28 93 51 48 72 99 85 2 55 75 44 39 94 40 87 87 84 23 0 50 79 91 54 14 24 51 58 77 4 30 82 18 10 76 70 10 0 21 95 55 77 23 99 68 17 91 56 57 75 31 7 55 22 61 21 98 64 31 27 68 13 62 39 24 38 61 86 90 82 82 45 11 57 96 80 74 87 36
83 63 19 90 70 93 3 43 92 67 75 71 88 88 33 27 64 23 88 51 14 70 85 11 82 42 8 14 68 95 2 52 10 21 42 80 14 98 24 58 65 0 51 30 53 39 15 32 4 39 20 7 5 43 92 68 25 86 76 91 54 24 93 6 34 14 1 15 28 99 91 39 16 42 69 22 33 36 54 89 27 75 96 32 18 40 53 95 26 29 86 33 53 79 39 88 45 92 55 25
43 98 64 60 92 85 34 25 22 88 15 49 15 11 34 33 4 87 80 82 68 66 15 22 97 7 62 94 99 69 20 95 19 84 7 11 22 41 36 44 29 51 0 45 45 15 31 30 71 70 11 53 39 29 69 13 79 76 27 73 27 48 93 22 67 30 81 78 52 22 66 48 4 70 45 1 37 29 31 8 99 94 61 38 76 82 3 55 10 30 80 38 78 26 12 97 8 94 75 60
68 94 60 72 64 57 73 1 86 57 61 86 3 74 76 79 57 80 86 67 62 19 57 93 45 22 90 53 68 18 65 36 12 77 9 76 86 34 29 73 43 90 11 0 99 64 39 30 73 19 17 93 34 88 2 27 85 24 17 90 92 35 55 29 47 84 90 75 70 76 56 95 72 46 6 71 63 46 1 88 17 70 81 51 58 84 78 43 60 48 33 5 83 40 86 83 76 28 58 47
4 15 42 28 13 1 99 28 47 53 17 16 23 50 68 34 86 98 29 47 46 15 52 82 7 38 65 84 66 75 83 22 42 77 51 56 78 2 84 77 55 53 94 31 0 4 62 17 42 12 46 89 59 13 93 93 21 83 58 57 1 33 40 76 76 17 79 84 96 81 20 25 89 26 19 72 30 33 89 72 46 87 14 57 1 59 50 74 43 60 31 96 45 71 72 73 40 51 57 36
85 30 62 74 56 33 98 38 67 39 62 13 26 76 22 79 88 72 53 83 84 84 79 29 7 52 3 48 3 12 36 40 42 50 14 98 84 64 88 3 3 51 16 30 79 0 90 61 67 14 15 50 98 51 30 27 11 34 82 59 89 95 95 30 89 98 96 88 82 61 76 85 16 79 53 46 59 95 60 26 9 27 29 7 78 59 86 89 45 21 0 34 16 48 64 5 46 13 45 80
26 74 65 42 53 70 41 12 65 1 91 26 28 20 33 58 79 71 0 76 92 0 10 60 48 27 18 46 40 63 26 18 89 43 60 43 13 1 7 30 2 98 56 30 18 41 0 41 49 65 41 25 9 41 88 70 42 15 40 88 7 55 67 25 45 10 37 40 76 39 47 6 41 46 15 24 16 8 65 66 73 6 43 83 99 31 5 41 98 45 82 57 0 49 34 97 59 72 37 87
11 85 46 52 83 61 28 99 69 93 17 95 51 61 30 51 92 35 44 43 32 26 0 84 75 35 82 87 7 19 74 18 56 20 22 39 81 51 91 3 96 8 50 0 21 80 51 0 66 15 95 9 99 22 9 83 49 96 65 36 3 37 11 73 93 83 96 85 17 99 28 20 47 88 22 47 10 2 50 76 69 46 37 68 20 98 51 21 95 69 58 50 6 21 24 99 4 72 36 21
23 64 93 70 53 15 70 15 69 20 43 38 18 80 6 90 78 10 12 25 79 22 76 85 43 52 36 99 76 73 21 99 37 66 21 42 34 43 57 3 64 0 42 34 32 0 25 63 0 62 89 88 41 11 16 78 6 68 15 5 44 40 78 95 77 45 69 72 31 12 29 34 28 30 28 63 14 81 88 77 43 29 66 37 40 34 15 46 3 30 51 99 22 82 47 0 27 16 72 10
28 53 44 9 35 25 72 50 6 12 27 49 41 45 38 81 80 54 79 35 36 82 86 59 64 33 11 43 1 35 53 82 88 50 91 24 75 63 26 81 75 53 82 68 99 21 1 31 27 0 80 66 63 62 52 22 79 86 85 22 39 20 76 21 9 26 12 85 1 27 11 34 54 16 68 22 67 89 23 98 16 55 16 32 70 69 6 49 7 92 71 46 12 99 68 73 77 32 10 30
60 21 16 14 90 85 89 57 26 64 8 95 20 24 27 90 45 33 91 52 77 14 51 90 66 71 15 43 3 26 74 15 99 90 30 89 27 71 99 54 35 59 49 55 35 76 97 81 61 40 0 85 39 55 36 81 21 7 48 64 63 74 90 78 26 33 60 67 12 31 18 66 67 77 15 74 65 43 24 46 57 64 31 48 19 68 81 92 27 29 9 90 56 99 69 82 84 29 49 97
13 68 15 32 97 31 6 62 26 30 60 83 95 44 31 66 12 64 59 91 94 68 82 50 19 51 84 4 32 33 53 45 53 68 77 3 51 36 17 78 66 78 13 13 74 97 80 86 61 39 77 0 7 59 11 57 78 62 41 34 47 27 87 44 32 8 74 35 59 10 5 89 28 35 55 42 9 52 74 47 65 65 76 73 24 88 82 2 2 24 37 49 3 76 94 35 84 20 71 96
30 28 85 58 63 92 52 72 96 78 19 62 43 95 87 67 35 69 22 38 93 11 87 96 87 33 84 24 53 7 20 35 35 57 46 98 50 50 22 46 29 41 60 72 88 47 92 24 17 66 62 62 0 77 1 11 16 87 95 40 40 2 12 28 89 70 74 87 72 24 9 70 53 2 31 78 42 30 22 66 47 88 80 62 17 34 73 33 21 20 26 13 74 38 41 63 8 15 50 32
92 11 3 45 65 86 75 7 16 97 74 16 37 6 78 6 40 3 40 13 23 66 27 97 4 68 12 65 36 14 49 28 25 52 25 42 90 1 49 59 50 75 75 40 82 5 46 74 8 38 88 83 56 0 67 32 13 87 44 78 23 58 27 3 35 32 29 77 74 82 26 33 84 2 60 76 36 65 23 62 25 13 50 60 70 17 92 83 57 36 13 80 94 92 84 29 76 65 58 51
99 85 36 83 39 49 12 75 66 35 37 44 0 40 4 70 9 97 5 66 33 70 99 80 63 35 61 39 0 20 42 51 5 31 86 96 32 98 71 98 85 60 42 86 52 47 8 62 44 66 80 29 36 79 0 9 99 14 23 91 66 43 85 69 0 68 56 96 0 54 19 51 92 79 93 78 84 92 38 46 36 4 78 18 41 58 79 92 24 2 35 43 97 73 12 97 41 68 45 94
75 64 45 67 96 90 97 80 83 35 78 71 92 56 89 85 14 21 77 91 23 65 34 21 38 46 70 31 15 16 77 90 80 74 9 28 65 6 8 0 41 86 71 33 43 13 18 9 86 48 0 9 65 34 82 0 3 81 53 86 48 21 64 90 53 38 99 82 55 5 42 55 98 29 79 84 24 44 2 85 30 2 38 91 67 72 74 22 5 79 9 5 0 25 95 53 15 46 35 71
3 78 78 2 59 9 86 35 53 40 72 35 43 10 27 62 35 1 85 92 80 46 98 32 23 45 85 38 44 73 61 47 3 92 49 14 1 87 1 55 28 73 42 71 84 69 33 71 22 70 63 54 16 13 86 39 0 11 24 30 55 97 43 2 52 35 4 66 37 91 67 44 19 40 86 42 76 56 28 47 30 98 63 85 67 76 71 58 87 95 40 42 44 84 97 96 19 1 62 8
44 81 52 64 74 91 6 50 99 86 50 29 85 13 14 4 41 86 62 29 33 55 23 78 39 72 74 58 25 89 67 70 70 71 34 96 62 92 47 61 79 49 91 16 14 57 20 55 95 34 36 29 89 12 59 80 84 0 33 39 10 74 58 80 97 81 66 93 96 10 92 57 41 41 0 57 7 10 29 15 5 16 3 34 57 15 93 38 52 79 29 14 53 87 46 50 20 64 44 16
74 88 26 16 30 78 25 89 88 7 4 94 23 60 80 80 27 74 70 79 5 99 45 10 38 91 61 59 55 57 27 82 97 53 50 79 32 27 69 72 34 25 66 9 85 47 42 13 73 12 44 78 12 90 88 2 33 1 0 13 41 10 41 23 8 94 25 87 78 52 8 51 87 34 69 96 19 16 38 84 89 51 29 19 15 71 60 69 4 61 83 45 24 24 20 84 70 45 23 1
50 32 52 37 66 21 85 37 90 24 74 31 27 55 3 94 26 63 63 82 76 46 80 52 22 0 36 93 98 60 94 48 92 98 37 10 71 22 99 61 98 73 45 77 28 48 23 6 11 87 89 39 85 69 92 8 21 28 53 0 71 40 47 71 32 45 8 94 68 83 46 30 81 71 27 11 0 75 34 58 38 21 47 77 59 68 69 67 90 98 20 13 38 19 85 23 16 93 69 84
28 15 66 62 87 93 73 39 20 7 97 58 81 97 36 40 17 5 59 59 3 31 73 94 2 58 17 18 3 86 54 32 54 73 94 41 66 67 32 87 26 29 45 7 78 81 99 96 87 10 55 42 41 80 36 95 38 53 65 42 0 92 20 26 46 93 20 39 11 39 71 50 17 52 48 77 83 81 76 79 20 39 86 63 32 67 51 28 57 57 93 51 49 65 77 47 58 49 38 22
40 9 24 58 13 72 35 96 6 63 27 26 2 14 41 35 33 93 63 90 50 8 94 51 74 23 50 84 73 88 58 65 97 83 75 10 7 10 59 13 26 86 40 28 0 81 15 85 26 30 28 76 39 22 79 65 45 29 49 70 17 0 8 88 66 43 63 29 50 74 88 64 0 26 4 80 79 37 96 64 64 26 44 92 17 66 72 82 64 53 84 86 23 92 74 41 87 38 22 37
64 62 1 16 89 57 48 68 47 44 84 63 23 29 55 92 47 79 27 63 85 11 50 8 55 76 49 42 66 72 79 30 86 33 98 75 42 47 43 89 43 28 52 18 9 60 63 56 39 90 20 76 1 22 84 8 98 86 2 65 10 33 0 47 96 66 46 72 61 45 67 50 40 47 55 59 56 15 22 65 6 64 85 83 17 59 19 25 57 57 27 74 19 60 22 16 79 20 40 40
65 59 42 5 59 97 16 15 64 90 32 23 54 69 58 71 28 29 96 86 87 75 60 6 88 34 74 67 54 66 59 71 26 1 29 85 51 45 52 67 36 85 90 42 6 0 14 35 30 62 73 69 38 85 27 78 20 2 45 26 68 56 50 0 46 57 79 83 8 76 36 28 12 73 18 55 79 71 21 66 1 83 39 22 73 25 49 51 97 3 48 23 24 4 25 70 14 4 54 74
81 42 2 45 67 73 52 46 44 73 13 97 9 4 19 34 29 68 86 78 72 86 2 48 91 27 18 57 84 24 31 65 18 34 62 85 7 15 32 51 40 97 48 49 1 19 84 83 87 22 61 11 8 15 59 51 95 30 8 79 54 92 96 73 0 26 58 10 85 73 42 88 66 91 88 15 93 7 51 28 46 73 89 10 34 5 69 37 0 51 98 31 58 90 27 83 68 85 93 53
11 88 93 77 79 81 44 24 40 96 52 86 21 94 96 55 99 18 45 51 21 43 82 79 33 9 14 1 46 8 6 57 96 51 86 27 32 31 4 24 79 56 62 52 2 11 60 1 81 5 4 2 48 86 34 81 95 48 34 94 56 92 51 4 43 0 90 32 27 73 36 51 52 44 65 4 47 76 64 0 57 69 5 60 69 91 94 2 39 94 36 33 51 80 36 55 23 78 39 2
51 27 5 3 24 71 60 71 47 76 23 5 98 28 17 67 72 63 70 63 57 58 48 8 39 36 16 62 15 7 17 66 35 22 22 59 93 34 82 41 10 5 46 8 86 15 76 10 78 98 25 35 56 73 96 95 61 12 10 76 19 27 95 6 49 69 0 17 43 3 99 84 65 57 82 74 95 97 2 57 27 0 82 62 8 7 58 4 68 22 14 97 42 93 44 0 42 13 18 37
68 69 73 33 26 55 59 73 4 13 30 31 13 12 94 22 71 4 78 40 27 44 89 21 37 85 21 31 98 91 69 18 61 42 51 39 50 63 13 54 76 95 38 42 8 84 16 31 88 94 23 15 90 12 88 27 97 10 10 47 53 79 17 66 74 21 6 0 24 84 71 30 60 66 20 54 26 4 70 58 45 16 81 12 6 46 1 85 95 63 96 43 16 27 12 83 1 33 41 77
17 12 60 30 30 80 84 57 37 7 67 82 23 48 94 30 46 47 67 42 10 63 37 79 43 49 14 96 83 7 74 52 19 34 82 1 66 19 10 3 26 77 37 1 78 32 83 24 31 51 66 94 66 55 73 9 5 39 6 40 46 32 92 17 18 27 18 84 0 98 81 40 24 58 77 77 36 61 61 13 93 64 31 39 30 87 12 92 92 3 50 84 1 34 76 18 52 55 88 88
53 69 80 29 80 10 7 68 71 20 81 16 84 13 55 66 0 19 10 44 74 12 28 75 46 56 93 50 64 34 39 17 55 71 99 87 81 6 56 5 78 37 21 62 50 29 80 2 0 91 46 75 3 26 50 50 35 96 52 99 82 91 68 37 15 67 25 96 73 0 81 1 51 70 75 65 21 56 46 75 56 89 74 31 44 0 82 46 87 78 99 86 60 42 55 49 57 22 26 54
48 7 7 51 30 82 69 3 38 15 78 95 56 52 78 0 53 60 99 92 90 98 79 2 40 86 4 98 8 30 4 8 90 11 60 20 46 29 23 36 96 1 83 4 6 62 4 11 74 55 3 17 53 82 19 94 68 75 44 29 6 48 37 96 11 49 68 9 30 91 0 46 26 44 81 82 50 43 39 61 70 94 65 87 48 99 58 94 68 34 38 49 92 38 38 40 1 88 8 11
18 51 9 97 95 90 79 98 86 18 59 56 65 24 95 13 76 5 7 44 91 97 45 83 35 83 23 88 23 31 99 94 34 8 43 30 51 74 28 37 93 39 45 10 64 92 23 92 97 82 36 89 79 33 24 66 16 48 54 40 31 54 86 66 14 29 48 17 3 76 6 0 48 15 3 58 31 95 81 23 45 63 11 86 94 44 10 60 13 10 15 5 94 21 91 12 87 20 60 5
23 88 11 24 55 15 82 39 10 16 14 7 79 78 93 26 74 56 86 87 18 1 44 12 74 35 76 62 7 36 67 83 76 78 7 32 45 89 23 8 5 37 15 37 15 61 63 42 69 1 81 87 55 26 52 29 13 80 91 21 69 10 4 45 89 63 29 86 4 52 94 10 0 42 10 99 9 23 14 51 92 15 33 31 70 59 35 0 24 16 43 45 85 54 1 82 95 64 12 81
69 16 76 31 58 38 30 20 13 96 71 57 11 56 88 82 67 76 34 92 44 29 89 81 83 91 63 30 7 75 12 76 44 40 59 2 30 41 22 95 37 46 52 49 54 92 83 22 68 69 66 64 98 55 45 34 98 9 64 6 36 28 82 80 20 94 83 2 35 57 97 73 55 0 49 74 62 42 57 36 62 26 2 27 24 9 72 58 8 33 75 14 70 3 48 50 24 42 85 26
30 95 76 3 2 25 77 64 19 86 0 82 12 54 61 88 16 33 99 24 19 74 90 89 29 38 91 5 33 77 84 63 24 60 18 26 85 95 43 57 81 95 39 45 50 0 85 18 85 36 42 4 62 84 45 92 74 37 49 7 66 33 22 90 45 40 16 83 87 11 40 20 7 79 0 17 9 31 3 27 68 39 69 25 2 5 70 46 79 59 95 87 25 81 61 67 26 2 36 9
41 47 1 62 54 80 79 63 63 34 90 84 26 11 9 80 16 31 26 96 91 73 35 68 54 48 36 33 50 72 42 44 71 44 58 26 76 89 89 92 24 32 76 2 95 85 82 64 68 60 12 59 33 47 80 40 47 68 73 50 92 15 94 63 11 52 89 40 41 31 84 17 15 60 19 0 10 97 1 74 65 13 86 77 47 85 57 87 85 77 60 35 69 27 29 32 91 81 22 83
74 5 67 92 20 27 63 30 76 17 57 41 30 95 18 77 33 27 16 18 4 28 53 25 8 34 58 99 15 80 34 41 37 1 33 57 80 97 39 56 14 96 97 96 44 68 26 29 47 42 47 4 23 52 29 31 86 87 82 53 19 16 94 56 17 80 65 49 29 5 5 95 53 54 91 97 0 22 17 26 22 12 25 26 35 77 7 18 63 47 0 16 66 16 63 75 85 43 40 86
72 45 91 67 99 45 10 48 20 28 75 42 92 0 68 27 30 27 45 93 74 97 62 41 65 25 68 2 68 8 88 92 6 79 11 57 24 21 5 44 1 32 38 93 33 58 72 63 86 69 8 60 66 70 1 83 95 21 85 15 30 73 59 88 52 70 45 29 44 50 25 45 83 64 91 68 22 0 15 83 8 85 43 69 3 14 22 39 61 44 24 29 26 98 88 14 2 11 11 83
55 61 61 52 96 77 43 16 99 11 99 60 48 43 81 3 9 55 42 22 51 67 51 29 17 92 95 71 3 6 7 58 20 68 62 68 45 6 85 96 69 36 8 17 31 41 20 92 97 63 15 0 82 18 82 99 10 77 22 65 84 29 75 56 97 38 24 94 96 61 91 65 50 99 82 81 93 2 0 74 42 17 41 42 99 59 24 50 22 54 73 87 38 2 63 46 52 1 22 46
97 84 89 62 34 41 96 67 34 98 41 76 16 34 18 67 46 95 18 68 49 43 55 39 97 70 85 49 23 59 48 20 43 37 34 77 78 30 97 64 81 90 40 49 25 11 16 71 58 86 39 7 81 46 98 79 69 35 80 92 94 80 65 38 18 51 67 48 34 64 13 15 55 5 16 32 16 84 3 0 74 23 94 33 4 92 31 83 61 66 64 6 13 44 71 51 14 22 70 15
56 35 80 23 42 85 91 74 54 76 29 28 99 23 14 3 15 45 39 29 64 3 35 77 99 58 80 66 80 50 33 89 37 13 64 31 50 56 5 4 32 34 85 83 9 99 86 77 44 25 58 60 80 93 37 32 51 69 50 83 20 83 24 9 96 89 41 46 97 98 51 81 85 36 64 94 87 2 23 83 0 80 81 44 12 74 33 44 77 3 94 61 75 29 37 84 25 26 25 24
75 24 75 56 9 63 20 55 2 75 79 85 55 60 29 19 87 63 16 64 18 62 77 93 92 15 77 17 93 3 41 69 79 68 77 88 83 50 95 85 25 74 71 32 35 52 51 74 15 19 38 33 82 68 26 74 35 56 91 80 11 85 1 90 5 79 30 89 29 25 26 6 0 49 38 87 2 41 61 69 13 0 51 55 95 71 81 69 6 89 12 39 0 49 40 90 55 19 20 96
0 98 22 6 98 72 96 37 26 90 50 95 3 53 50 98 25 84 19 83 73 31 22 74 33 15 16 88 86 89 84 87 87 58 45 37 82 42 74 8 84 76 56 39 29 6 89 54 90 8 90 16 91 12 90 24 79 58 64 66 47 0 53 86 11 50 23 93 44 97 54 28 25 10 19 55 16 8 9 59 68 99 0 75 12 64 17 88 43 75 53 61 75 5 14 61 16 65 85 10
61 34 16 90 60 26 61 15 42 70 76 53 38 28 28 2 92 45 91 87 73 96 49 48 1 15 9 18 32 46 80 94 33 96 36 93 74 97 60 68 19 36 22 10 16 50 12 60 48 55 48 21 51 49 21 5 16 82 75 1 29 7 95 62 3 83 7 29 32 67 97 52 55 19 62 72 70 26 32 18 82 80 91 0 85 81 12 90 98 94 17 51 23 24 46 37 79 81 44 8
13 11 6 17 19 25 31 91 47 58 23 65 92 56 8 77 89 20 68 39 15 37 90 90 62 88 80 41 69 24 50 35 88 8 52 7 33 84 50 81 94 73 98 86 81 7 63 71 79 83 10 94 21 53 37 35 41 17 76 63 93 78 98 33 86 2 92 72 38 42 53 32 68 3 70 1 10 34 72 90 69 35 36 42 0 88 25 77 29 94 6 44 40 84 42 73 23 97 18 95
35 12 0 20 80 3 90 82 66 76 6 8 46 93 96 88 81 22 18 63 68 24 7 8 60 2 34 83 99 4 78 34 16 78 6 49 82 97 83 0 73 89 8 71 83 4 12 16 78 30 31 47 54 91 7 14 93 93 98 44 97 28 30 14 7 37 63 41 34 46 41 7 87 1 31 22 5 43 91 84 73 22 83 79 65 0 90 45 58 84 95 54 81 24 85 47 83 22 62 76
8 60 17 15 48 18 98 22 75 41 13 11 14 88 94 93 53 37 91 64 21 86 18 54 10 3 54 45 77 16 21 85 77 90 53 77 60 51 99 36 93 65 47 7 53 94 53 6 31 44 22 4 82 41 58 93 96 12 90 74 81 12 59 58 2 12 35 63 16 86 51 9 51 50 68 56 44 21 15 27 17 37 31 0 30 42 0 45 27 6 35 1 87 99 12 97 2 77 32 17
93 71 68 2 74 18 22 83 15 96 98 42 13 87 74 65 18 16 10 97 74 98 50 62 97 62 59 51 39 44 68 84 67 88 38 41 59 61 24 74 57 74 68 22 62 42 88 32 10 50 29 85 48 79 99 98 93 58 49 85 2 70 69 69 10 8 63 69 21 39 95 78 14 64 0 28 58 88 12 21 91 93 6 91 24 5 89 0 17 15 91 2 18 13 24 39 23 32 54 45
53 94 92 83 8 56 83 88 67 24 0 88 67 45 94 58 69 51 48 86 66 91 41 36 56 65 28 79 49 82 76 54 76 69 37 36 77 72 76 44 48 28 84 15 73 30 74 42 81 74 29 0 17 70 88 73 35 16 4 36 51 81 90 27 2 27 16 31 99 92 28 0 21 12 15 94 43 41 37 76 67 18 28 36 40 17 9 27 0 85 14 63 88 47 53 68 1 32 84 84
83 28 12 83 49 77 51 96 72 44 85 0 64 3 81 0 95 50 10 22 87 76 37 76 75 42 44 76 74 28 12 57 56 77 41 58 54 44 54 78 88 91 30 52 46 11 5 41 61 15 15 49 91 52 25 18 94 69 94 20 49 6 77 57 83 70 15 89 14 21 19 55 64 50 59 10 61 64 51 75 31 18 24 74 22 1 92 68 22 0 86 88 23 45 66 80 80 36 48 22
3 21 41 10 86 43 69 96 57 86 0 32 17 18 8 92 41 61 84 9 83 23 50 58 68 16 38 0 4 38 74 59 60 16 69 98 11 39 94 68 25 46 52 42 65 60 86 58 73 71 19 8 94 69 66 14 37 57 66 94 95 41 53 7 9 23 5 20 14 52 89 91 98 41 85 15 54 72 73 27 43 45 88 89 66 54 3 56 11 69 0 50 59 10 55 66 19 78 72 92
44 24 81 35 74 74 73 90 80 45 15 60 40 12 48 29 79 54 84 87 66 53 37 25 16 92 43 87 23 67 79 67 91 12 55 18 39 28 8 19 25 23 79 65 88 79 46 67 34 30 54 52 35 43 29 51 87 72 91 62 40 22 30 83 35 37 1 26 17 61 45 94 85 77 59 73 56 5 92 42 35 98 94 70 93 23 74 80 96 17 43 0 88 39 25 71 26 14 25 52
83 86 98 77 23 27 36 48 83 93 40 78 80 90 72 2 83 96 28 16 44 45 11 84 85 88 55 63 2 32 16 85 19 66 62 94 93 50 43 28 95 35 6 75 26 31 29 61 27 58 29 23 3 40 7 40 28 14 4 82 47 72 19 18 38 81 12 83 83 55 11 78 91 70 5 69 1 35 82 80 45 12 3 0 4 10 41 33 76 97 15 23 0 21 35 41 59 68 6 94
4 13 5 34 4 27 40 25 80 27 60 60 72 72 15 72 76 25 65 61 54 14 29 77 35 16 71 46 36 77 40 40 90 98 75 47 25 67 24 58 46 84 18 70 8 34 94 37 11 60 98 65 26 27 95 14 95 66 60 32 95 53 24 37 51 51 36 28 18 61 86 16 97 57 86 6 91 81 43 54 93 93 72 19 73 67 85 68 33 98 52 80 51 0 77 17 54 28 6 34
99 67 73 15 16 30 54 74 73 35 17 79 28 63 51 99 36 18 85 56 3 83 9 83 86 86 53 92 66 59 26 17 78 99 33 46 81 87 21 6 74 90 86 2 53 37 53 41 8 90 98 11 25 7 47 11 45 52 3 63 63 82 81 93 33 14 39 15 53 60 21 27 51 59 81 56 97 86 98 57 77 96 68 2 55 15 14 52 19 69 15 82 51 96 0 75 37 62 15 52
15 27 25 94 78 85 27 35 34 14 33 91 91 81 11 93 36 79 59 88 98 81 3 33 84 52 8 21 14 75 73 82 3 51 28 33 88 56 68 74 22 53 17 65 34 28 58 22 59 70 10 58 51 66 91 35 18 51 9 84 27 82 66 82 85 95 15 73 3 36 47 25 89 16 90 24 45 0 98 4 22 61 14 25 27 57 13 97 9 22 33 88 56 0 22 0 42 47 37 15
2 73 15 79 15 31 21 39 28 21 89 85 96 50 99 21 29 57 34 26 18 56 60 58 13 12 80 7 11 69 74 13 43 89 92 58 73 13 49 53 86 90 38 34 41 90 56 70 47 42 49 17 99 61 75 64 73 7 71 36 76 45 1 71 87 93 81 12 58 82 65 96 73 56 31 14 46 39 36 45 81 85 62 80 46 89 96 71 96 19 7 72 65 60 96 4 0 5 77 16
63 60 33 12 85 89 95 99 35 34 35 80 15 73 94 48 19 83 96 43 79 16 50 4 33 11 0 37 16 29 53 32 41 38 96 26 28 91 77 15 77 65 48 44 38 94 44 9 78 41 52 9 9 55 13 42 18 65 79 86 47 84 70 88 22 66 67 2 9 44 70 38 61 70 83 51 64 79 61 94 72 13 4 81 20 69 23 38 35 54 25 82 38 95 22 13 14 0 89 67
23 86 37 14 99 59 49 51 24 28 12 18 1 77 22 82 98 92 58 36 79 64 13 13 3 61 35 68 75 77 35 50 15 25 64 14 84 13 65 8 94 29 79 95 7 53 29 57 97 39 45 76 4 59 41 59 20 77 27 47 6 62 97 21 87 14 35 24 79 53 32 73 82 63 20 89 17 50 46 14 41 92 91 45 3 84 4 75 13 83 22 19 46 71 92 85 85 80 0 9
17 33 94 90 15 57 11 57 26 13 3 41 54 47 84 52 2 68 56 77 82 40 51 53 38 23 46 75 60 26 37 77 59 83 20 74 92 83 83 19 96 87 60 2 86 44 54 41 64 11 18 46 3 70 0 93 45 98 20 5 24 57 35 35 92 55 61 85 38 45 4 86 84 64 88 70 60 95 63 24 58 82 23 61 4 75 6 1 73 26 58 49 84 93 84 28 0 45 13 0